recv msg partition {213} offset{4156} msg value{2|1|70001000241|1517989483672515066|4|106|3|1000|0|0|1513051159314.yoka|develop|1517989483|10.235.102.247|1513051159314.yoka|梦辰|56|1513130601|0|0|0|0|1|6|44086|0|1517989483|1513594560|1513594465|1|0|0|0|0|0|0|0|0|0|0|0|0|0|0||||||1517989483672536514}
recv msg partition {213} offset{4157} msg value{2|1|70001000241|1517991279264320727|1|3|3|1000|0|0|1513051159314.yoka|develop|1517991279|10.235.102.247|1513051159314.yoka|梦辰|56|1513130601|0|0|0|0|1|6|44086|0|1517989483|1513594560|1513594465|1517989483|1796|1|0|0|0|0|0|0|0|0|0|0|0|0||||||1517991279477455005}
recv msg partition {71} offset{93850} msg value{8|0|0|1516961100467791626|5|1|8|1000|||||1516961100||||0|0|0|0|0|0|0|0|0|0|0|0|0|2|0|0|0|0|0|0|0|0|0|0|0|0|0|0|数值测试服|||||1516961100967870136}
recv msg partition {66} offset{109174} msg value{3|0|0|1517391300098450075|5|1|3|1000|||||1517391300||||0|0|0|0|0|0|0|0|0|0|0|0|0|0|0|0|0|0|0|0|0|0|0|0|0|0|0|0|贠腾|||||1517391300598495388}
recv msg partition {71} offset{93851} msg value{8|0|0|1516961400467801985|5|1|8|1000|||||1516961400||||0|0|0|0|0|0|0|0|0|0|0|0|0|2|0|0|0|0|0|0|0|0|0|0|0|0|0|0|数值测试服|||||1516961400971759355}
recv msg partition {66} offset{109175} msg value{3|0|0|1517391872172503701|5|1|3|1000|||||1517391872||||0|0|0|0|0|0|0|0|0|0|0|0|0|0|0|0|0|0|0|0|0|0|0|0|0|0|0|0|贠腾|||||1517391872661944795}
recv msg partition {71} offset{93852} msg value{8|0|0|1516961700467801156|5|1|8|1000|||||1516961700||||0|0|0|0|0|0|0|0|0|0|0|0|0|2|0|0|0|0|0|0|0|0|0|0|0|0|0|0|数值测试服|||||1516961700967889291}
recv msg partition {66} offset{109176} msg value{3|0|0|1517391889803813318|1|5|3|1000||0|hongbao016|develop|1517391889|10.235.102.214|hongbao016||0|0|0|0|0|0|0|0|0|0|1517391889|0|0|0|0|0|0|0|0|0|0|0|0|0|0|0|0|0||||||1517391889807044538}
recv msg partition {71} offset{93853} msg value{8|0|0|1516962000467809732|5|1|8|1000|||||1516962000||||0|0|0|0|0|0|0|0|0|0|0|0|0|2|0|0|0|0|0|0|0|0|0|0|0|0|0|0|数值测试服|||||1516962000967878600}
recv msg partition {66} offset{109177} msg value{3|1|70001002610|1517391892375721968|3|1|3|1000|0|0|hongbao016|develop|1517391892||hongbao016|泰山朱乐|1|1517391892|0|0|0|0|0|0|0|0|1517391892|0|0|5|7|1|81|0|200|200|0|0|0|0|0|0|0|0||||||1517391892388194651}
recv msg partition {71} offset{93854} msg value{8|0|0|1516962300467805771|5|1|8|1000|||||1516962300||||0|0|0|0|0|0|0|0|0|0|0|0|0|2|0|0|0|0|0|0|0|0|0|0|0|0|0|0|数值测试服|||||1516962300968896080}
recv msg partition {66} offset{109178} msg value{3|1|70001002610|1517391892375721968|3|1|3|1000|0|0|hongbao016|develop|1517391892||hongbao016|泰山朱乐|1|1517391892|0|0|0|0|0|0|0|0|1517391892|0|0|5|4|1|81|0|30|30|0|0|0|0|0|0|0|0||||||1517391892388216564}
recv msg partition {71} offset{93855} msg value{8|0|0|1516962600473415546|5|1|8|1000|||||1516962600||||0|0|0|0|0|0|0|0|0|0|0|0|0|2|0|0|0|0|0|0|0|0|0|0|0|0|0|0|数值测试服|||||1516962600967866923}
recv msg partition {66} offset{109179} msg value{3|1|70001002610|1517391892375721968|3|1|3|1000|0|0|hongbao016|develop|1517391892||hongbao016|泰山朱乐|1|1517391892|0|0|0|0|0|0|0|0|1517391892|0|0|1|55296|1|81|0|1|1|0|0|0|70001193034|0|0|0|0||||||1517391892388261756}
recv msg partition {71} offset{93856} msg value{8|0|0|1516962900467798023|5|1|8|1000|||||1516962900||||0|0|0|0|0|0|0|0|0|0|0|0|0|2|0|0|0|0|0|0|0|0|0|0|0|0|0|0|数值测试服|||||1516962900967853697}
recv msg partition {66} offset{109180} msg value{3|1|70001002610|1517391892375721968|3|1|3|1000|0|0|hongbao016|develop|1517391892||hongbao016|泰山朱乐|1|1517391892|0|0|0|0|0|0|0|0|1517391892|0|0|5|2|1|81|0|10000|10000|0|0|0|0|0|0|0|0||||||1517391892388273082}
recv msg partition {71} offset{93857} msg value{8|0|0|1516963200467769020|5|1|8|1000|||||1516963200||||0|0|0|0|0|0|0|0|0|0|0|0|0|2|0|0|0|0|0|0|0|0|0|0|0|0|0|0|数值测试服|||||1516963200967901134}
recv msg partition {66} offset{109181} msg value{3|1|70001002610|1517391892375721968|3|1|3|1000|0|0|hongbao016|develop|1517391892||hongbao016|泰山朱乐|1|1517391892|0|0|0|0|0|0|0|0|1517391892|0|0|5|9|1|81|0|200|200|0|0|0|0|0|0|0|0||||||1517391892388283308}
recv msg partition {71} offset{93858} msg value{8|0|0|1516963500467769752|5|1|8|1000|||||1516963500||||0|0|0|0|0|0|0|0|0|0|0|0|0|2|0|0|0|0|0|0|0|0|0|0|0|0|0|0|数值测试服|||||1516963500967841918}
recv msg partition {66} offset{109182} msg value{3|1|70001002610|1517391892375721968|3|1|3|1000|0|0|hongbao016|develop|1517391892||hongbao016|泰山朱乐|1|1517391892|0|0|0|0|0|0|0|0|1517391892|0|0|5|10|1|81|0|200|200|0|0|0|0|0|0|0|0||||||1517391892388293214}
recv msg partition {71} offset{93859} msg value{8|0|0|1516963800467775841|5|1|8|1000|||||1516963800||||0|0|0|0|0|0|0|0|0|0|0|0|0|2|0|0|0|0|0|0|0|0|0|0|0|0|0|0|数值测试服|||||1516963800967870221}
recv msg partition {66} offset{109183} msg value{3|1|70001002610|1517391892375721968|3|1|3|1000|0|0|hongbao016|develop|1517391892||hongbao016|泰山朱乐|1|1517391892|0|0|0|0|0|0|0|0|1517391892|0|0|5|12|1|81|0|5|5|0|0|0|0|0|0|0|0||||||1517391892388302429}
recv msg partition {71} offset{93860} msg value{8|0|0|1516964100467783709|5|1|8|1000|||||1516964100||||0|0|0|0|0|0|0|0|0|0|0|0|0|2|0|0|0|0|0|0|0|0|0|0|0|0|0|0|数值测试服|||||1516964100967840249}
recv msg partition {66} offset{109184} msg value{3|1|70001002610|1517391892375721968|3|1|3|1000|0|0|hongbao016|develop|1517391892||hongbao016|泰山朱乐|1|1517391892|0|0|0|0|0|0|0|0|1517391892|0|0|5|8|1|81|0|200|200|0|0|0|0|0|0|0|0||||||1517391892388326826}
recv msg partition {71} offset{93861} msg value{8|0|0|1516964400467779460|5|1|8|1000|||||1516964400||||0|0|0|0|0|0|0|0|0|0|0|0|0|2|0|0|0|0|0|0|0|0|0|0|0|0|0|0|数值测试服|||||1516964400967913879}
recv msg partition {66} offset{109185} msg value{3|1|70001002610|1517391892375721968|3|1|3|1000|0|0|hongbao016|develop|1517391892||hongbao016|泰山朱乐|1|1517391892|0|0|0|0|0|0|0|0|1517391892|0|0|5|11|1|81|0|10|10|0|0|0|0|0|0|0|0||||||1517391892388336930}
recv msg partition {71} offset{93862} msg value{8|0|0|1516964700467780840|5|1|8|1000|||||1516964700||||0|0|0|0|0|0|0|0|0|0|0|0|0|2|0|0|0|0|0|0|0|0|0|0|0|0|0|0|数值测试服|||||1516964700967845959}
recv msg partition {66} offset{109186} msg value{3|1|70001002610|1517391892375721968|3|1|3|1000|0|0|hongbao016|develop|1517391892||hongbao016|泰山朱乐|1|1517391892|0|0|0|0|0|0|0|0|1517391892|0|0|5|3|1|81|0|100|100|0|0|0|0|0|0|0|0||||||1517391892388362347}
recv msg partition {71} offset{93863} msg value{8|0|0|1516965000467796173|5|1|8|1000|||||1516965000||||0|0|0|0|0|0|0|0|0|0|0|0|0|2|0|0|0|0|0|0|0|0|0|0|0|0|0|0|数值测试服|||||1516965000967867672}
recv msg partition {66} offset{109187} msg value{3|1|70001002610|1517391892375721968|3|1|3|1000|0|0|hongbao016|develop|1517391892||hongbao016|泰山朱乐|1|1517391892|0|0|0|0|0|0|0|0|1517391892|0|0|1|256|1|81|0|1|1|0|0|0|70001193033|0|0|0|0||||||1517391892389012132}
recv msg partition {71} offset{93864} msg value{8|0|0|1516965300467784121|5|1|8|1000|||||1516965300||||0|0|0|0|0|0|0|0|0|0|0|0|0|2|0|0|0|0|0|0|0|0|0|0|0|0|0|0|数值测试服|||||1516965300967870548}
recv msg partition {66} offset{109188} msg value{3|1|70001002610|1517391892375721968|1|1|3|1000|0|0||develop|1517391892|10.235.102.214|hongbao016|泰山朱乐|1|1517391892|0|0|0|0|0|0|0|0|0|0|0|999999|0|0|0|0|0|0|0|0|0|0|0|0|0|0||||||1517391892389548079}
recv msg partition {71} offset{93865} msg value{8|0|0|1516965600467785112|5|1|8|1000|||||1516965600||||0|0|0|0|0|0|0|0|0|0|0|0|0|2|0|0|0|0|0|0|0|0|0|0|0|0|0|0|数值测试服|||||1516965600967900728}
recv msg partition {66} offset{109189} msg value{3|1|70001002610|1517391892375721968|1|2|3|1000|0|0||develop|1517391892|10.235.102.214|hongbao016|泰山朱乐|1|1517391892|0|0|0|0|0|0|0|0|1517391892|0|0|0|0|0|0|0|0|0|0|0|0|0|0|0|0|0|贠腾|||||1517391892389549527}
recv msg partition {71} offset{93866} msg value{8|0|0|1516965900473388637|5|1|8|1000|||||1516965900||||0|0|0|0|0|0|0|0|0|0|0|0|0|2|0|0|0|0|0|0|0|0|0|0|0|0|0|0|数值测试服|||||1516965900967840926}
recv msg partition {66} offset{109190} msg value{3|1|70001002610|1517391900161928672|1|3|3|1000|0|0|hongbao016|develop|1517391900||hongbao016|泰山朱乐|1|1517391892|0|0|0|0|0|0|0|0|1517391892|0|0|1517391892|8|1|0|0|0|0|0|0|0|0|0|0|0|0||||||1517391900379058147}
recv msg partition {71} offset{93867} msg value{8|0|0|1516966200467778049|5|1|8|1000|||||1516966200||||0|0|0|0|0|0|0|0|0|0|0|0|0|2|0|0|0|0|0|0|0|0|0|0|0|0|0|0|数值测试服|||||1516966200967814257}
recv msg partition {66} offset{109191} msg value{3|0|0|1517391900379074182|5|1|3|1000|||||1517391900||||0|0|0|0|0|0|0|0|0|0|0|0|0|0|0|0|0|0|0|0|0|0|0|0|0|0|0|0|贠腾|||||1517391900661942069}
recv msg partition {71} offset{93868} msg value{8|0|0|1516966500467774612|5|1|8|1000|||||1516966500||||0|0|0|0|0|0|0|0|0|0|0|0|0|2|0|0|0|0|0|0|0|0|0|0|0|0|0|0|数值测试服|||||1516966500967848154}
recv msg partition {66} offset{109192} msg value{3|0|0|1517392200161917700|5|1|3|1000|||||1517392200||||0|0|0|0|0|0|0|0|0|0|0|0|0|0|0|0|0|0|0|0|0|0|0|0|0|0|0|0|贠腾|||||1517392200661988473}
recv msg partition {71} offset{93869} msg value{8|0|0|1516966800467779309|5|1|8|1000|||||1516966800||||0|0|0|0|0|0|0|0|0|0|0|0|0|2|0|0|0|0|0|0|0|0|0|0|0|0|0|0|数值测试服|||||1516966800967853789}
recv msg partition {66} offset{109193} msg value{3|0|0|1517392500166050270|5|1|3|1000|||||1517392500||||0|0|0|0|0|0|0|0|0|0|0|0|0|0|0|0|0|0|0|0|0|0|0|0|0|0|0|0|贠腾|||||1517392500662426082}
recv msg partition {71} offset{93870} msg value{8|0|0|1516967100467781619|5|1|8|1000|||||1516967100||||0|0|0|0|0|0|0|0|0|0|0|0|0|2|0|0|0|0|0|0|0|0|0|0|0|0|0|0|数值测试服|||||1516967100967871574}
recv msg partition {66} offset{109194} msg value{3|0|0|1517392800161912112|5|1|3|1000|||||1517392800||||0|0|0|0|0|0|0|0|0|0|0|0|0|0|0|0|0|0|0|0|0|0|0|0|0|0|0|0|贠腾|||||1517392800662158565}
recv msg partition {71} offset{93871} msg value{8|0|0|1516967400467789216|5|1|8|1000|||||1516967400||||0|0|0|0|0|0|0|0|0|0|0|0|0|2|0|0|0|0|0|0|0|0|0|0|0|0|0|0|数值测试服|||||1516967400967887803}
recv msg partition {66} offset{109195} msg value{3|0|0|1517393100161924188|5|1|3|1000|||||1517393100||||0|0|0|0|0|0|0|0|0|0|0|0|0|0|0|0|0|0|0|0|0|0|0|0|0|0|0|0|贠腾|||||1517393100661994327}
recv msg partition {71} offset{93872} msg value{8|0|0|1516967700467778259|5|1|8|1000|||||1516967700||||0|0|0|0|0|0|0|0|0|0|0|0|0|2|0|0|0|0|0|0|0|0|0|0|0|0|0|0|数值测试服|||||1516967700967864025}
recv msg partition {66} offset{109196} msg value{3|0|0|1517393400161912237|5|1|3|1000|||||1517393400||||0|0|0|0|0|0|0|0|0|0|0|0|0|0|0|0|0|0|0|0|0|0|0|0|0|0|0|0|贠腾|||||1517393400662119196}
recv msg partition {71} offset{93873} msg value{8|0|0|1516968000467786602|5|1|8|1000|||||1516968000||||0|0|0|0|0|0|0|0|0|0|0|0|0|2|0|0|0|0|0|0|0|0|0|0|0|0|0|0|数值测试服|||||1516968000968369891}
recv msg partition {66} offset{109197} msg value{3|0|0|1517393700161912367|5|1|3|1000|||||1517393700||||0|0|0|0|0|0|0|0|0|0|0|0|0|0|0|0|0|0|0|0|0|0|0|0|0|0|0|0|贠腾|||||1517393700661963111}
quit sleep begin
quit sleep end
