recv msg partition {213} offset{4156} msg value{2|1|70001000241|1517989483672515066|4|106|3|1000|0|0|1513051159314.yoka|develop|1517989483|10.235.102.247|1513051159314.yoka|梦辰|56|1513130601|0|0|0|0|1|6|44086|0|1517989483|1513594560|1513594465|1|0|0|0|0|0|0|0|0|0|0|0|0|0|0||||||1517989483672536514}
recv msg partition {213} offset{4157} msg value{2|1|70001000241|1517991279264320727|1|3|3|1000|0|0|1513051159314.yoka|develop|1517991279|10.235.102.247|1513051159314.yoka|梦辰|56|1513130601|0|0|0|0|1|6|44086|0|1517989483|1513594560|1513594465|1517989483|1796|1|0|0|0|0|0|0|0|0|0|0|0|0||||||1517991279477455005}
recv msg partition {66} offset{109179} msg value{3|1|70001002610|1517391892375721968|3|1|3|1000|0|0|hongbao016|develop|1517391892||hongbao016|泰山朱乐|1|1517391892|0|0|0|0|0|0|0|0|1517391892|0|0|1|55296|1|81|0|1|1|0|0|0|70001193034|0|0|0|0||||||1517391892388261756}
recv msg partition {66} offset{109180} msg value{3|1|70001002610|1517391892375721968|3|1|3|1000|0|0|hongbao016|develop|1517391892||hongbao016|泰山朱乐|1|1517391892|0|0|0|0|0|0|0|0|1517391892|0|0|5|2|1|81|0|10000|10000|0|0|0|0|0|0|0|0||||||1517391892388273082}
recv msg partition {66} offset{109181} msg value{3|1|70001002610|1517391892375721968|3|1|3|1000|0|0|hongbao016|develop|1517391892||hongbao016|泰山朱乐|1|1517391892|0|0|0|0|0|0|0|0|1517391892|0|0|5|9|1|81|0|200|200|0|0|0|0|0|0|0|0||||||1517391892388283308}
recv msg partition {66} offset{109182} msg value{3|1|70001002610|1517391892375721968|3|1|3|1000|0|0|hongbao016|develop|1517391892||hongbao016|泰山朱乐|1|1517391892|0|0|0|0|0|0|0|0|1517391892|0|0|5|10|1|81|0|200|200|0|0|0|0|0|0|0|0||||||1517391892388293214}
recv msg partition {66} offset{109183} msg value{3|1|70001002610|1517391892375721968|3|1|3|1000|0|0|hongbao016|develop|1517391892||hongbao016|泰山朱乐|1|1517391892|0|0|0|0|0|0|0|0|1517391892|0|0|5|12|1|81|0|5|5|0|0|0|0|0|0|0|0||||||1517391892388302429}
recv msg partition {66} offset{109184} msg value{3|1|70001002610|1517391892375721968|3|1|3|1000|0|0|hongbao016|develop|1517391892||hongbao016|泰山朱乐|1|1517391892|0|0|0|0|0|0|0|0|1517391892|0|0|5|8|1|81|0|200|200|0|0|0|0|0|0|0|0||||||1517391892388326826}
recv msg partition {66} offset{109185} msg value{3|1|70001002610|1517391892375721968|3|1|3|1000|0|0|hongbao016|develop|1517391892||hongbao016|泰山朱乐|1|1517391892|0|0|0|0|0|0|0|0|1517391892|0|0|5|11|1|81|0|10|10|0|0|0|0|0|0|0|0||||||1517391892388336930}
recv msg partition {66} offset{109186} msg value{3|1|70001002610|1517391892375721968|3|1|3|1000|0|0|hongbao016|develop|1517391892||hongbao016|泰山朱乐|1|1517391892|0|0|0|0|0|0|0|0|1517391892|0|0|5|3|1|81|0|100|100|0|0|0|0|0|0|0|0||||||1517391892388362347}
recv msg partition {66} offset{109187} msg value{3|1|70001002610|1517391892375721968|3|1|3|1000|0|0|hongbao016|develop|1517391892||hongbao016|泰山朱乐|1|1517391892|0|0|0|0|0|0|0|0|1517391892|0|0|1|256|1|81|0|1|1|0|0|0|70001193033|0|0|0|0||||||1517391892389012132}
recv msg partition {66} offset{109188} msg value{3|1|70001002610|1517391892375721968|1|1|3|1000|0|0||develop|1517391892|10.235.102.214|hongbao016|泰山朱乐|1|1517391892|0|0|0|0|0|0|0|0|0|0|0|999999|0|0|0|0|0|0|0|0|0|0|0|0|0|0||||||1517391892389548079}
recv msg partition {66} offset{109189} msg value{3|1|70001002610|1517391892375721968|1|2|3|1000|0|0||develop|1517391892|10.235.102.214|hongbao016|泰山朱乐|1|1517391892|0|0|0|0|0|0|0|0|1517391892|0|0|0|0|0|0|0|0|0|0|0|0|0|0|0|0|0|贠腾|||||1517391892389549527}
recv msg partition {66} offset{109190} msg value{3|1|70001002610|1517391900161928672|1|3|3|1000|0|0|hongbao016|develop|1517391900||hongbao016|泰山朱乐|1|1517391892|0|0|0|0|0|0|0|0|1517391892|0|0|1517391892|8|1|0|0|0|0|0|0|0|0|0|0|0|0||||||1517391900379058147}
recv msg partition {66} offset{109191} msg value{3|0|0|1517391900379074182|5|1|3|1000|||||1517391900||||0|0|0|0|0|0|0|0|0|0|0|0|0|0|0|0|0|0|0|0|0|0|0|0|0|0|0|0|贠腾|||||1517391900661942069}
recv msg partition {66} offset{109192} msg value{3|0|0|1517392200161917700|5|1|3|1000|||||1517392200||||0|0|0|0|0|0|0|0|0|0|0|0|0|0|0|0|0|0|0|0|0|0|0|0|0|0|0|0|贠腾|||||1517392200661988473}
recv msg partition {66} offset{109193} msg value{3|0|0|1517392500166050270|5|1|3|1000|||||1517392500||||0|0|0|0|0|0|0|0|0|0|0|0|0|0|0|0|0|0|0|0|0|0|0|0|0|0|0|0|贠腾|||||1517392500662426082}
recv msg partition {66} offset{109194} msg value{3|0|0|1517392800161912112|5|1|3|1000|||||1517392800||||0|0|0|0|0|0|0|0|0|0|0|0|0|0|0|0|0|0|0|0|0|0|0|0|0|0|0|0|贠腾|||||1517392800662158565}
recv msg partition {66} offset{109195} msg value{3|0|0|1517393100161924188|5|1|3|1000|||||1517393100||||0|0|0|0|0|0|0|0|0|0|0|0|0|0|0|0|0|0|0|0|0|0|0|0|0|0|0|0|贠腾|||||1517393100661994327}
recv msg partition {66} offset{109196} msg value{3|0|0|1517393400161912237|5|1|3|1000|||||1517393400||||0|0|0|0|0|0|0|0|0|0|0|0|0|0|0|0|0|0|0|0|0|0|0|0|0|0|0|0|贠腾|||||1517393400662119196}
recv msg partition {66} offset{109197} msg value{3|0|0|1517393700161912367|5|1|3|1000|||||1517393700||||0|0|0|0|0|0|0|0|0|0|0|0|0|0|0|0|0|0|0|0|0|0|0|0|0|0|0|0|贠腾|||||1517393700661963111}
recv msg partition {66} offset{109198} msg value{3|0|0|1517394000161946249|5|1|3|1000|||||1517394000||||0|0|0|0|0|0|0|0|0|0|0|0|0|0|0|0|0|0|0|0|0|0|0|0|0|0|0|0|贠腾|||||1517394000662001877}
recv msg partition {66} offset{109199} msg value{3|0|0|1517394300161915779|5|1|3|1000|||||1517394300||||0|0|0|0|0|0|0|0|0|0|0|0|0|0|0|0|0|0|0|0|0|0|0|0|0|0|0|0|贠腾|||||1517394300661969880}
recv msg partition {66} offset{109200} msg value{3|0|0|1517394600161930036|5|1|3|1000|||||1517394600||||0|0|0|0|0|0|0|0|0|0|0|0|0|0|0|0|0|0|0|0|0|0|0|0|0|0|0|0|贠腾|||||1517394600662003033}
recv msg partition {66} offset{109201} msg value{3|0|0|1517394900161939648|5|1|3|1000|||||1517394900||||0|0|0|0|0|0|0|0|0|0|0|0|0|0|0|0|0|0|0|0|0|0|0|0|0|0|0|0|贠腾|||||1517394900662023493}
recv msg partition {66} offset{109202} msg value{3|0|0|1517395200161923033|5|1|3|1000|||||1517395200||||0|0|0|0|0|0|0|0|0|0|0|0|0|0|0|0|0|0|0|0|0|0|0|0|0|0|0|0|贠腾|||||1517395200661962414}
recv msg partition {66} offset{109203} msg value{3|0|0|1517395500161922186|5|1|3|1000|||||1517395500||||0|0|0|0|0|0|0|0|0|0|0|0|0|0|0|0|0|0|0|0|0|0|0|0|0|0|0|0|贠腾|||||1517395500661993226}
recv msg partition {66} offset{109204} msg value{3|0|0|1517395800165985933|5|1|3|1000|||||1517395800||||0|0|0|0|0|0|0|0|0|0|0|0|0|0|0|0|0|0|0|0|0|0|0|0|0|0|0|0|贠腾|||||1517395800661994751}
recv msg partition {66} offset{109205} msg value{3|0|0|1517396100161927952|5|1|3|1000|||||1517396100||||0|0|0|0|0|0|0|0|0|0|0|0|0|0|0|0|0|0|0|0|0|0|0|0|0|0|0|0|贠腾|||||1517396100662002213}
recv msg partition {66} offset{109206} msg value{3|0|0|1517396400161932579|5|1|3|1000|||||1517396400||||0|0|0|0|0|0|0|0|0|0|0|0|0|0|0|0|0|0|0|0|0|0|0|0|0|0|0|0|贠腾|||||1517396400661995154}
recv msg partition {66} offset{109207} msg value{3|0|0|1517396700161985802|5|1|3|1000|||||1517396700||||0|0|0|0|0|0|0|0|0|0|0|0|0|0|0|0|0|0|0|0|0|0|0|0|0|0|0|0|贠腾|||||1517396700662022950}
recv msg partition {66} offset{109208} msg value{3|0|0|1517397000161959447|5|1|3|1000|||||1517397000||||0|0|0|0|0|0|0|0|0|0|0|0|0|0|0|0|0|0|0|0|0|0|0|0|0|0|0|0|贠腾|||||1517397000661988225}
recv msg partition {66} offset{109209} msg value{3|0|0|1517397300161939395|5|1|3|1000|||||1517397300||||0|0|0|0|0|0|0|0|0|0|0|0|0|0|0|0|0|0|0|0|0|0|0|0|0|0|0|0|贠腾|||||1517397300661991108}
recv msg partition {66} offset{109210} msg value{3|0|0|1517397600161926646|5|1|3|1000|||||1517397600||||0|0|0|0|0|0|0|0|0|0|0|0|0|0|0|0|0|0|0|0|0|0|0|0|0|0|0|0|贠腾|||||1517397600662004033}
recv msg partition {66} offset{109211} msg value{3|0|0|1517397900161957350|5|1|3|1000|||||1517397900||||0|0|0|0|0|0|0|0|0|0|0|0|0|0|0|0|0|0|0|0|0|0|0|0|0|0|0|0|贠腾|||||1517397900663027319}
recv msg partition {66} offset{109212} msg value{3|0|0|1517398200161939788|5|1|3|1000|||||1517398200||||0|0|0|0|0|0|0|0|0|0|0|0|0|0|0|0|0|0|0|0|0|0|0|0|0|0|0|0|贠腾|||||1517398200661995339}
recv msg partition {66} offset{109213} msg value{3|0|0|1517398500161935244|5|1|3|1000|||||1517398500||||0|0|0|0|0|0|0|0|0|0|0|0|0|0|0|0|0|0|0|0|0|0|0|0|0|0|0|0|贠腾|||||1517398500661988417}
recv msg partition {66} offset{109214} msg value{3|0|0|1517398800161947270|5|1|3|1000|||||1517398800||||0|0|0|0|0|0|0|0|0|0|0|0|0|0|0|0|0|0|0|0|0|0|0|0|0|0|0|0|贠腾|||||1517398800662012355}
recv msg partition {66} offset{109215} msg value{3|0|0|1517399100165980184|5|1|3|1000|||||1517399100||||0|0|0|0|0|0|0|0|0|0|0|0|0|0|0|0|0|0|0|0|0|0|0|0|0|0|0|0|贠腾|||||1517399100661975512}
recv msg partition {66} offset{109216} msg value{3|0|0|1517399400161954828|5|1|3|1000|||||1517399400||||0|0|0|0|0|0|0|0|0|0|0|0|0|0|0|0|0|0|0|0|0|0|0|0|0|0|0|0|贠腾|||||1517399400661997399}
recv msg partition {66} offset{109217} msg value{3|0|0|1517399700161949550|5|1|3|1000|||||1517399700||||0|0|0|0|0|0|0|0|0|0|0|0|0|0|0|0|0|0|0|0|0|0|0|0|0|0|0|0|贠腾|||||1517399700662000303}
recv msg partition {66} offset{109218} msg value{3|0|0|1517400000161972239|5|1|3|1000|||||1517400000||||0|0|0|0|0|0|0|0|0|0|0|0|0|0|0|0|0|0|0|0|0|0|0|0|0|0|0|0|贠腾|||||1517400000662005961}
recv msg partition {66} offset{109219} msg value{3|0|0|1517400300161956585|5|1|3|1000|||||1517400300||||0|0|0|0|0|0|0|0|0|0|0|0|0|0|0|0|0|0|0|0|0|0|0|0|0|0|0|0|贠腾|||||1517400300662042327}
recv msg partition {66} offset{109220} msg value{3|0|0|1517400600161945161|5|1|3|1000|||||1517400600||||0|0|0|0|0|0|0|0|0|0|0|0|0|0|0|0|0|0|0|0|0|0|0|0|0|0|0|0|贠腾|||||1517400600662009302}
recv msg partition {66} offset{109221} msg value{3|0|0|1517400900161940560|5|1|3|1000|||||1517400900||||0|0|0|0|0|0|0|0|0|0|0|0|0|0|0|0|0|0|0|0|0|0|0|0|0|0|0|0|贠腾|||||1517400900662026446}
recv msg partition {66} offset{109222} msg value{3|0|0|1517401200161929001|5|1|3|1000|||||1517401200||||0|0|0|0|0|0|0|0|0|0|0|0|0|0|0|0|0|0|0|0|0|0|0|0|0|0|0|0|贠腾|||||1517401200661983993}
recv msg partition {66} offset{109223} msg value{3|0|0|1517401263470053167|1|5|3|1000||0|hongbao016|develop|1517401263|10.235.102.214|hongbao016||0|0|0|0|0|0|0|0|0|0|1517401263|0|1517391889|0|0|0|0|0|0|0|0|0|0|0|0|0|0|0||||||1517401263487298442}
recv msg partition {66} offset{109224} msg value{3|1|70001002610|1517401263470053167|1|2|3|1000|0|0|hongbao016|develop|1517401263|10.235.102.214|hongbao016|泰山朱乐|1|1517391892|0|0|0|0|0|0|0|0|1517401263|1517391900|1517391892|999999|0|0|0|0|0|0|0|0|0|0|0|0|0|0|贠腾|||||1517401263492213205}
recv msg partition {66} offset{109225} msg value{3|1|70001002610|1517401269661938884|1|3|3|1000|0|0|hongbao016|develop|1517401269|10.235.102.214|hongbao016|泰山朱乐|1|1517391892|0|0|0|0|0|0|0|0|1517401263|1517391900|1517391892|1517401263|6|1|0|0|0|0|0|0|0|0|0|0|0|0||||||1517401269929451795}
recv msg partition {66} offset{109226} msg value{3|0|0|1517401500161916462|5|1|3|1000|||||1517401500||||0|0|0|0|0|0|0|0|0|0|0|0|0|0|0|0|0|0|0|0|0|0|0|0|0|0|0|0|贠腾|||||1517401500661957561}
quit sleep begin
quit sleep end
